102
1 17360 334
2 19428 867
3 19797 558
4 14028 126
5 13647 135
6 13830 923
7 11540 155
8 19769 862
9 11047 300
10 13341 730
11 13827 366
12 19164 220
13 17601 182
14 13535 564
15 14759 719
16 19650 159
17 15058 52
18 13617 800
19 18124 950
20 12344 853
21 11882 82
22 14126 419
23 12301 366
24 14377 829
25 18003 636
26 15083 682
27 18659 549
28 17939 601
29 17872 858
30 13794 579
31 10692 302
32 16908 332
33 13598 761
34 11683 18
35 10326 113
36 15650 145
37 11279 701
38 16709 133
39 15828 194
40 19086 83
41 10961 223
42 17818 534
43 19494 370
44 16958 205
45 19387 2
46 11075 507
47 15273 871
48 17987 712
49 19586 674
50 12751 692
51 14775 302
52 13198 331
53 10334 102
54 11791 420
55 12070 775
56 13229 180
57 15045 970
58 13731 120
59 17881 198
60 12983 918
61 12519 458
62 19504 206
63 12519 458
64 19504 206
65 13119 614
66 17742 310
67 18238 645
68 14773 424
69 11051 892
70 11223 652
71 18956 568
72 19706 991
73 14970 277
74 16215 43
75 15060 234
76 16711 937
77 12792 189
78 12366 335
79 14830 629
80 13102 677
81 11517 457
82 13889 233
83 12415 690
84 13846 751
85 17711 114
86 17010 925
87 19163 825
88 10928 728
89 10728 437
90 15225 699
91 18168 284
92 10887 454
93 12708 840
94 17349 822
95 18359 679
96 16566 414
97 12373 188
98 10709 292
99 10195 7
100 10412 810
101 10702 148
102 17809 505
500000
