2000
1	69558	2581
2	46272	4358
3	62185	2955
4	8052	8676
5	78865	8897
6	38586	6002
7	84197	3122
8	78347	3688
9	32348	87
10	99908	9736
11	79666	2576
12	38976	2996
13	47533	9777
14	35100	5632
15	94283	8836
16	46761	6108
17	84942	349
18	30439	6177
19	7343	4447
20	38002	2037
21	42859	5505
22	77262	3951
23	26347	3439
24	67731	4920
25	59561	3918
26	3755	9622
27	94677	374
28	4234	7652
29	25545	3654
30	96125	6226
31	6331	406
32	79619	1538
33	41168	2034
34	57315	3243
35	92596	3349
36	32348	2818
37	52906	5475
38	23669	1431
39	82476	7737
40	168	664
41	16435	7603
42	9646	9514
43	70509	2336
44	32239	7596
45	98031	2564
46	27689	3756
47	45182	7798
48	13081	166
49	686	9093
50	68366	2073
51	75437	2985
52	40185	7892
53	33352	9829
54	623	9004
55	94891	237
56	89839	9781
57	30192	7362
58	2105	1111
59	69437	4683
60	53617	3197
61	11545	3013
62	55915	2644
63	54858	2050
64	30184	8055
65	39459	6635
66	21606	6413
67	54889	808
68	28107	3564
69	58888	4855
70	49094	4638
71	4454	9263
72	27514	6714
73	23008	578
74	31239	7715
75	82838	5845
76	88489	3269
77	34614	7869
78	66153	7778
79	57910	6365
80	51363	752
81	76283	2464
82	55476	7061
83	36082	7906
84	90675	4053
85	19758	997
86	2845	5826
87	40652	1516
88	87334	3082
89	90979	2998
90	47691	4337
91	16147	2438
92	27950	5343
93	50396	65
94	62704	3461
95	92665	4009
96	73371	6916
97	92500	3227
98	32719	3271
99	75703	7160
100	27282	6011
101	80167	886
102	87310	8563
103	61888	9543
104	36579	3993
105	67557	9331
106	84263	5737
107	70977	2852
108	87094	388
109	40075	2079
110	90502	23
111	24202	6021
112	93599	5151
113	59645	8136
114	81671	7133
115	54684	7481
116	82140	4040
117	83701	7680
118	23466	5554
119	90380	5995
120	52583	2458
121	11833	520
122	83880	6369
123	40949	1827
124	30790	2503
125	56683	626
126	14076	9832
127	65029	7001
128	80947	7980
129	75276	8868
130	52445	8051
131	53826	2183
132	19605	708
133	28326	4501
134	95001	4173
135	20804	8664
136	97043	4331
137	43181	6854
138	35803	1562
139	29202	1715
140	83734	840
141	11155	8691
142	17491	2562
143	54355	6612
144	52407	5376
145	24561	3858
146	21707	9669
147	76496	6864
148	68777	3969
149	13620	93
150	65019	1466
151	48341	7502
152	36082	2382
153	44369	4856
154	58745	8958
155	97871	9338
156	14153	9428
157	57187	5398
158	84117	550
159	71573	1570
160	62043	3710
161	55469	2712
162	80758	7947
163	44379	8087
164	59005	4766
165	19962	3140
166	68089	5198
167	20327	9378
168	51775	2334
169	60469	6071
170	35653	77
171	98680	8799
172	38062	8874
173	49474	9020
174	67926	4890
175	92963	6179
176	91014	1792
177	93867	3722
178	86468	2279
179	21498	4927
180	61138	6523
181	3237	6226
182	65412	1053
183	62883	3574
184	89242	1275
185	72925	6499
186	79434	5872
187	30613	8465
188	84164	6746
189	68813	9569
190	91610	4032
191	25417	4989
192	70111	6114
193	30473	3374
194	29111	1189
195	59004	9034
196	96733	6511
197	43455	2480
198	96022	4170
199	67394	2900
200	54407	6578
201	71591	1020
202	13308	3477
203	58619	7414
204	6691	6897
205	97641	5454
206	94167	863
207	58375	5632
208	50694	3582
209	1751	9373
210	1384	9310
211	57641	1704
212	1043	3225
213	6563	5799
214	40541	7222
215	1070	1834
216	88052	3747
217	15	7060
218	42869	7083
219	24784	8885
220	46280	3363
221	75154	4251
222	16411	4202
223	66034	7715
224	6736	9441
225	79907	736
226	98830	9474
227	76163	3079
228	31427	123
229	44591	3415
230	41265	6071
231	94614	1908
232	88691	508
233	2219	1007
234	25605	1638
235	35699	9943
236	45669	7613
237	58863	7823
238	26721	702
239	39495	2473
240	76277	5093
241	45689	5601
242	19147	4674
243	11936	6740
244	8176	1128
245	82332	5677
246	39411	3359
247	73523	4168
248	89967	4959
249	75854	3412
250	91898	3383
251	27801	4516
252	75922	3827
253	81414	2071
254	46052	226
255	77055	3677
256	79878	5560
257	83833	7072
258	76323	8142
259	38558	2938
260	92332	7662
261	22913	3873
262	60252	8053
263	94163	1558
264	7037	3067
265	10081	1460
266	76107	5499
267	14753	3601
268	96720	1629
269	7649	7638
270	82982	257
271	28673	6800
272	80005	8283
273	91837	3224
274	75634	761
275	57993	8764
276	75668	4231
277	80918	5691
278	89696	5427
279	25470	5818
280	24917	9476
281	89658	163
282	18710	9455
283	6643	8298
284	23244	147
285	49681	1523
286	29382	3271
287	79500	7728
288	17023	9307
289	32613	2248
290	16427	9977
291	88606	9870
292	48238	5489
293	77819	327
294	55853	1908
295	51346	2774
296	79858	4769
297	51437	507
298	23214	4857
299	4859	5233
300	41826	4178
301	12925	4220
302	8866	3272
303	87428	8767
304	42833	7378
305	67122	7279
306	24234	8153
307	6507	6190
308	34384	4697
309	58063	4616
310	92462	2564
311	63612	5985
312	19229	8631
313	42382	2843
314	84137	4323
315	94468	6235
316	95560	4866
317	37681	4252
318	68026	5969
319	23343	3217
320	90888	3113
321	53415	4377
322	59437	5509
323	87919	2725
324	9237	2096
325	60334	2360
326	7278	3175
327	71061	9251
328	63659	5244
329	366	6834
330	43300	3285
331	55864	9274
332	50484	5095
333	19275	5983
334	30504	6561
335	60184	3023
336	38522	607
337	52426	2192
338	72210	2194
339	43130	2230
340	41094	3714
341	71165	7929
342	86284	3785
343	78438	4179
344	35799	3585
345	33158	8388
346	44865	8822
347	74900	7226
348	80730	7990
349	77281	5774
350	7765	5024
351	72887	5937
352	44266	4296
353	55685	4356
354	8192	9190
355	47950	1346
356	28172	7324
357	23334	2761
358	79685	9604
359	85826	7696
360	21397	2289
361	11199	7414
362	85631	8726
363	75154	678
364	59458	932
365	44132	9931
366	95000	3467
367	99703	7203
368	94348	5121
369	33463	7068
370	13632	6002
371	64073	7629
372	43676	311
373	70283	8387
374	66540	7155
375	69969	8921
376	13782	367
377	78366	3314
378	4452	9635
379	22083	9112
380	30295	2656
381	68451	3592
382	84009	1478
383	45509	7407
384	90396	9357
385	35080	1472
386	59204	4499
387	54663	1142
388	21016	57
389	73680	7927
390	56426	5871
391	53649	4217
392	17380	754
393	15763	9419
394	23291	30
395	85163	2429
396	39265	1462
397	58110	2111
398	80452	1047
399	23964	616
400	70257	8087
401	16643	8430
402	37263	5215
403	86190	4986
404	54255	7785
405	54772	1473
406	11352	1171
407	5283	4487
408	18132	4852
409	96787	8426
410	95824	5227
411	90712	2007
412	56237	2579
413	72531	5096
414	70351	342
415	33822	2064
416	2339	5789
417	65590	3754
418	52602	2534
419	64964	8787
420	77588	1337
421	9915	2135
422	39488	8966
423	51901	5770
424	61810	442
425	96246	2223
426	45880	5885
427	60094	2719
428	63924	3149
429	92066	7011
430	45247	3396
431	12321	2464
432	70964	6256
433	36750	3278
434	80182	8035
435	6799	8790
436	39188	4969
437	77512	4245
438	52333	4719
439	61073	1369
440	92197	8308
441	59623	856
442	6788	1619
443	16514	5219
444	45929	9134
445	82417	325
446	10784	2887
447	83448	8539
448	82921	3268
449	31560	3328
450	64621	9110
451	16242	7411
452	7660	3316
453	63835	314
454	70002	5372
455	87263	7950
456	65467	7861
457	93899	6923
458	85122	2560
459	71832	3992
460	93937	1126
461	78580	1007
462	40276	241
463	50462	4664
464	50659	5683
465	63524	2672
466	82535	7719
467	29597	8349
468	72038	1453
469	89561	6151
470	44251	3259
471	55916	6671
472	78738	1250
473	27290	966
474	67761	7593
475	69119	7729
476	68287	2038
477	7542	2305
478	3740	9307
479	78916	7666
480	7809	9940
481	41089	3960
482	87045	551
483	58193	4489
484	87072	4082
485	47836	7502
486	19748	8460
487	69495	6433
488	77879	7190
489	68301	4843
490	34957	1497
491	31840	2720
492	83575	1834
493	33921	3352
494	81576	3059
495	71703	2625
496	66555	907
497	64622	4683
498	84351	4222
499	6528	7661
500	38670	1861
501	77559	6989
502	1420	1826
503	29903	2971
504	68334	8628
505	38476	1145
506	83897	4648
507	44731	6698
508	13527	6306
509	38454	4579
510	90884	8162
511	53227	3495
512	68106	281
513	58926	2358
514	76610	9185
515	70096	6043
516	10295	9625
517	16784	958
518	5981	2035
519	23135	8225
520	53911	1462
521	410	8903
522	63729	5353
523	76082	8067
524	72272	6717
525	76138	7760
526	92242	7223
527	60374	9982
528	54267	1517
529	11250	6407
530	52773	3360
531	86644	3092
532	84	905
533	47079	1206
534	25274	7309
535	35823	2443
536	13703	9092
537	94056	7850
538	67860	2943
539	68499	6553
540	15720	5474
541	10327	5354
542	65754	4005
543	99599	2120
544	70140	5493
545	42926	4877
546	92219	1926
547	10113	1702
548	31576	655
549	60267	8463
550	18611	2424
551	51208	4682
552	72817	9929
553	23164	2113
554	46109	7327
555	84156	3535
556	38607	6475
557	41199	6909
558	60166	1336
559	43569	3126
560	36329	2079
561	14742	6727
562	65965	872
563	27786	7889
564	41741	2262
565	11316	1072
566	82885	1123
567	56783	3643
568	52778	3542
569	90448	4153
570	50700	8401
571	40614	7492
572	39799	7896
573	55749	5337
574	93035	3178
575	51681	598
576	31431	1071
577	25696	120
578	68458	6901
579	30375	8225
580	68059	7318
581	91644	1376
582	33043	3739
583	67075	5327
584	84731	2810
585	285	2987
586	62650	7158
587	28415	5426
588	16969	9170
589	58780	6734
590	31444	7499
591	27863	4108
592	88331	5130
593	51735	3685
594	39190	1867
595	46005	6347
596	8223	1324
597	59931	8383
598	63931	2794
599	53837	6437
600	83523	8994
601	38610	3625
602	50263	6750
603	40316	6982
604	52632	6854
605	82863	2421
606	31586	1303
607	39246	6447
608	91202	8920
609	94170	6832
610	55368	4947
611	72809	7359
612	92174	7046
613	86750	918
614	196	8195
615	12975	7536
616	49028	4625
617	30471	5718
618	61797	4629
619	35493	6248
620	88093	2482
621	14689	1042
622	74301	5706
623	3869	5592
624	5138	1904
625	96992	4270
626	89194	5664
627	13192	8204
628	6128	7238
629	14570	830
630	33617	8783
631	3549	955
632	20908	2848
633	56037	6055
634	94749	7074
635	52045	3357
636	92856	2888
637	87504	3287
638	6420	4516
639	27706	4376
640	97086	9910
641	89550	4973
642	57805	9373
643	89957	9065
644	25677	6602
645	70219	4143
646	10422	4246
647	66780	8885
648	4059	4835
649	43199	7723
650	98763	8320
651	37486	7195
652	64188	217
653	78220	7929
654	56148	9019
655	2342	5200
656	51737	7283
657	31006	642
658	19501	2143
659	27956	8320
660	26646	2884
661	27821	4650
662	82471	2377
663	81182	5018
664	42044	3669
665	45102	4273
666	99726	8651
667	16145	3944
668	88962	3218
669	10523	3361
670	75800	5707
671	78806	8780
672	2242	7908
673	29391	465
674	91580	9102
675	93948	9863
676	36397	35
677	6083	5719
678	41618	3286
679	54804	5532
680	13558	128
681	42802	9873
682	77470	1276
683	33921	5540
684	35855	6688
685	24697	9733
686	60071	9854
687	75933	9048
688	79716	687
689	49594	7035
690	78242	6518
691	11674	5927
692	43274	3470
693	31924	5760
694	75585	5397
695	61285	8871
696	62123	1360
697	99419	7983
698	35814	6368
699	5229	8336
700	22652	9487
701	25106	2216
702	76400	9681
703	4743	8792
704	25864	2042
705	37845	4493
706	21747	8813
707	49885	6698
708	37822	4005
709	60505	8260
710	49648	6559
711	53236	998
712	78398	6074
713	77490	9010
714	17939	6841
715	67786	3627
716	87837	4437
717	91238	3860
718	61383	2067
719	96013	1617
720	55884	845
721	53403	3349
722	70768	5700
723	44932	1678
724	39132	5631
725	34552	6603
726	1552	1827
727	36426	8620
728	18582	7258
729	51671	7434
730	68293	9951
731	47330	8992
732	46555	9487
733	68974	5019
734	80358	8688
735	57973	6284
736	62056	75
737	21459	1540
738	5646	7582
739	92328	4348
740	95660	5350
741	32097	4415
742	48380	4444
743	27030	9404
744	64190	4632
745	25255	9740
746	40842	5185
747	58627	9539
748	74511	8039
749	62905	6795
750	7882	1930
751	39549	187
752	14696	9551
753	72553	1590
754	25946	9403
755	60951	3294
756	78167	1083
757	76071	2919
758	84237	8775
759	91853	2451
760	107	4377
761	6452	9991
762	20982	9911
763	90737	4302
764	36195	8585
765	13088	7183
766	24291	9497
767	8590	4600
768	4346	4840
769	1751	1187
770	37937	7846
771	30943	2632
772	74988	1386
773	68912	6030
774	31515	6210
775	27619	1566
776	77816	4624
777	94263	377
778	79897	1540
779	79894	4976
780	98795	1868
781	82794	5101
782	78857	9014
783	57647	1657
784	44023	6332
785	50336	2277
786	1394	4291
787	55135	2579
788	30765	8151
789	11141	5790
790	95922	123
791	88974	7095
792	92718	7412
793	89658	7973
794	62325	6392
795	90664	9784
796	27159	9662
797	52213	4950
798	26004	550
799	31975	6692
800	85919	8
801	88313	4503
802	79130	3076
803	70316	4326
804	93402	9461
805	15090	7547
806	27485	2068
807	47687	6241
808	34374	9918
809	48050	1046
810	84074	1427
811	91997	3032
812	75000	9023
813	2721	7632
814	32205	8137
815	76975	7709
816	25086	2014
817	66033	7954
818	26329	7790
819	33124	3374
820	43723	3775
821	31379	2916
822	64939	5911
823	26222	5875
824	41137	5733
825	35783	9560
826	7858	7167
827	65518	4557
828	35440	8708
829	70566	4707
830	79915	1792
831	49052	4013
832	81134	3158
833	92494	8397
834	20071	2586
835	42437	2900
836	90647	6808
837	1156	4017
838	28172	5061
839	31249	1145
840	75277	7919
841	82361	6180
842	96911	937
843	22439	5787
844	28462	9771
845	22975	232
846	64047	3735
847	30708	7280
848	7617	6862
849	16784	3085
850	79071	1727
851	21349	4316
852	88795	6858
853	12539	8497
854	63717	9770
855	4003	7716
856	92423	686
857	2094	1203
858	28215	5649
859	77051	5995
860	64964	5491
861	29754	1900
862	75363	2462
863	5175	1685
864	8120	5818
865	66432	4179
866	17846	5162
867	47101	612
868	63840	45
869	97482	6080
870	39052	3864
871	11956	5930
872	60889	4022
873	89674	1629
874	68857	1892
875	51866	7725
876	75626	5937
877	81613	6696
878	9807	8928
879	9534	7049
880	78839	5537
881	88464	7289
882	47586	5317
883	24559	9638
884	44965	7483
885	52001	3478
886	22913	8085
887	29385	6419
888	73433	2540
889	1390	6142
890	50268	7899
891	85882	4764
892	60062	2259
893	1780	3450
894	38855	1132
895	25217	3398
896	5366	7979
897	54612	7898
898	54766	2266
899	31263	3133
900	20444	1702
901	50994	589
902	65352	4322
903	19308	2242
904	70448	1189
905	76062	1963
906	32919	1227
907	89304	8952
908	12917	6447
909	39944	9859
910	46245	6811
911	2836	9471
912	71281	4188
913	23163	2204
914	77532	5773
915	66798	8662
916	94543	3202
917	85573	94
918	4037	1114
919	50345	8571
920	48991	2343
921	14168	6726
922	47237	1343
923	13255	8823
924	55190	9282
925	63672	6172
926	33134	8608
927	61817	7656
928	93621	8143
929	3530	5514
930	4466	7467
931	11601	4493
932	50235	7042
933	22895	3642
934	68613	5615
935	32781	5292
936	92039	969
937	98802	7742
938	75011	709
939	39153	7040
940	65483	912
941	25723	9272
942	93187	3067
943	45798	6725
944	48425	2055
945	96715	8131
946	32080	252
947	8684	2869
948	20957	8545
949	85398	7986
950	71205	2386
951	10930	9937
952	60368	599
953	80673	7195
954	22303	7358
955	12962	6972
956	3992	2790
957	78823	8315
958	92372	3600
959	18578	6259
960	52121	9420
961	59748	6319
962	76115	435
963	8852	1754
964	57130	9268
965	9847	8155
966	92738	5137
967	90993	7471
968	41721	7660
969	80681	7449
970	35061	119
971	73120	4673
972	99845	7244
973	90427	7734
974	46954	9
975	18375	1928
976	41084	8837
977	6449	8479
978	33940	8243
979	28021	4927
980	30068	7854
981	78531	9810
982	66128	5727
983	22608	9124
984	65130	3450
985	63972	3476
986	29517	93
987	35002	1883
988	1997	5603
989	37837	6507
990	23184	9752
991	94378	7421
992	83939	4047
993	859	9102
994	36315	8305
995	23694	7102
996	84066	5186
997	22067	982
998	56440	284
999	19957	5573
1000	63244	6707
1001	49654	1251
1002	7179	8675
1003	85630	5222
1004	29187	5626
1005	23640	4123
1006	10048	9425
1007	78488	5379
1008	65909	9921
1009	71663	5849
1010	27435	1328
1011	26544	2447
1012	5780	6337
1013	80966	5274
1014	18620	4274
1015	94733	5214
1016	41446	6462
1017	16644	4831
1018	60557	5505
1019	20562	3813
1020	80735	4983
1021	54764	1937
1022	23357	2904
1023	81962	4408
1024	80610	6556
1025	66044	9503
1026	48345	264
1027	53571	3476
1028	18359	4940
1029	48532	6199
1030	82530	9466
1031	68763	5293
1032	57551	3843
1033	30122	3384
1034	67872	6977
1035	29690	4896
1036	16789	7346
1037	68484	9221
1038	85932	6305
1039	67248	6170
1040	20280	466
1041	98995	7684
1042	92746	2486
1043	30934	5225
1044	30349	1419
1045	60627	2482
1046	56157	8250
1047	11195	46
1048	81524	2863
1049	59	7228
1050	82634	8252
1051	93401	9254
1052	44231	7106
1053	58137	1860
1054	72243	1306
1055	84201	6345
1056	15657	769
1057	29824	4497
1058	85769	2895
1059	41951	6913
1060	62316	6368
1061	57384	7697
1062	37739	7853
1063	7399	9588
1064	6276	7948
1065	76108	8293
1066	41444	7
1067	74359	2449
1068	65023	9736
1069	16742	3335
1070	40718	3786
1071	75929	1854
1072	14890	6202
1073	24223	6981
1074	85989	9867
1075	27620	6327
1076	80444	1380
1077	12539	5075
1078	335	5994
1079	48421	3112
1080	40968	5980
1081	19892	4745
1082	23369	9961
1083	32494	3041
1084	16251	3267
1085	5096	8708
1086	78578	9967
1087	21342	1023
1088	14569	883
1089	71566	9060
1090	7362	4364
1091	79617	692
1092	24805	8310
1093	1130	726
1094	1926	9795
1095	58937	7697
1096	68492	42
1097	82094	1809
1098	36630	9289
1099	99638	7588
1100	16667	5889
1101	88963	6061
1102	79546	1536
1103	84759	744
1104	54602	4093
1105	91463	5507
1106	65141	3378
1107	61158	8905
1108	27768	9486
1109	64130	6405
1110	60683	440
1111	17481	2953
1112	55520	5205
1113	7794	9345
1114	11956	1601
1115	17245	9337
1116	62447	5072
1117	15512	1970
1118	15562	8607
1119	86619	7556
1120	39062	4133
1121	12082	5216
1122	10564	6976
1123	32656	9695
1124	44662	9237
1125	45531	9217
1126	95367	806
1127	80177	6439
1128	71311	8808
1129	10521	3236
1130	20819	3485
1131	52285	9299
1132	2675	6379
1133	48937	6593
1134	65917	484
1135	1979	6845
1136	48671	7338
1137	40959	8115
1138	90941	1325
1139	75885	7156
1140	75194	3849
1141	41803	6157
1142	17168	5181
1143	23900	4339
1144	43065	6303
1145	86069	2015
1146	50606	9338
1147	11385	8151
1148	84140	9936
1149	17203	6734
1150	23949	1137
1151	18009	757
1152	29554	4530
1153	11738	8330
1154	72431	4270
1155	80624	2471
1156	64266	3050
1157	47244	2976
1158	50459	6083
1159	15167	3945
1160	35176	8521
1161	13386	6342
1162	95799	8725
1163	2105	9839
1164	72153	1654
1165	7982	6503
1166	55818	6508
1167	15062	7811
1168	86511	5664
1169	24260	8101
1170	63383	8754
1171	41551	7576
1172	67195	4269
1173	5927	366
1174	93359	6079
1175	56996	4910
1176	60786	9815
1177	74488	8681
1178	3299	8065
1179	16559	7077
1180	54045	1514
1181	52142	3363
1182	15289	9839
1183	30281	239
1184	64158	7917
1185	31983	4898
1186	40244	4297
1187	87686	1987
1188	56334	2821
1189	35115	9615
1190	8686	6556
1191	59513	7621
1192	64083	5265
1193	91208	6543
1194	15248	71
1195	78352	2850
1196	40122	2829
1197	95945	4480
1198	28491	6763
1199	13571	2695
1200	23512	1539
1201	5650	5262
1202	43448	9360
1203	87599	163
1204	65925	4488
1205	18411	6877
1206	97419	6159
1207	12620	3021
1208	53066	8845
1209	56972	5668
1210	57737	5349
1211	62201	9625
1212	99628	7293
1213	87335	3841
1214	36779	4206
1215	9707	3922
1216	32298	6287
1217	45167	3801
1218	50894	9962
1219	57610	690
1220	29541	5722
1221	22947	2677
1222	46104	73
1223	60171	2663
1224	3734	194
1225	64060	1114
1226	79615	5361
1227	51128	640
1228	54965	2407
1229	4663	5866
1230	32348	7237
1231	5436	6075
1232	95393	2329
1233	94550	9479
1234	57492	2393
1235	35540	9547
1236	11493	1263
1237	37411	7458
1238	7202	3020
1239	6406	1479
1240	70563	2466
1241	44271	5438
1242	30081	2277
1243	6591	6827
1244	68191	9894
1245	46786	8440
1246	17950	1072
1247	53225	1237
1248	93424	5191
1249	57075	2295
1250	62075	6947
1251	42103	8845
1252	9427	5250
1253	26424	9349
1254	93354	1062
1255	53604	5192
1256	2643	9943
1257	45590	8704
1258	44240	5231
1259	13821	2314
1260	27956	4313
1261	47913	2166
1262	43375	632
1263	23878	5446
1264	56907	7375
1265	12308	2855
1266	12342	7721
1267	16715	1647
1268	35255	9167
1269	19709	2343
1270	63612	431
1271	61762	1313
1272	54175	1433
1273	69896	3267
1274	16714	5679
1275	86370	7696
1276	87339	6034
1277	31638	7409
1278	86789	7079
1279	23367	2039
1280	55239	6937
1281	76297	6264
1282	32032	4690
1283	9127	689
1284	64069	9293
1285	61470	9342
1286	42181	3468
1287	11723	9670
1288	61628	1174
1289	95479	8511
1290	31487	6794
1291	94090	4835
1292	86440	5171
1293	29052	165
1294	17911	6716
1295	37385	2463
1296	81284	8636
1297	70970	7838
1298	96835	2570
1299	10428	325
1300	5450	3075
1301	95744	4938
1302	19555	3159
1303	97782	7269
1304	39528	9472
1305	12367	4517
1306	4223	7312
1307	71743	5810
1308	38930	7053
1309	44297	9563
1310	59080	6270
1311	27761	3831
1312	30965	6258
1313	46007	5580
1314	40151	8412
1315	1501	6019
1316	1285	3249
1317	85438	4599
1318	78994	3557
1319	56514	2261
1320	52672	7939
1321	53548	8484
1322	11535	7276
1323	928	5779
1324	29371	8968
1325	26702	8328
1326	15044	6620
1327	72283	295
1328	7568	5075
1329	14363	2799
1330	68395	34
1331	89633	5777
1332	17522	8241
1333	55759	89
1334	81852	2364
1335	4831	1546
1336	78132	1007
1337	58611	5702
1338	47479	5589
1339	99333	4231
1340	23977	4234
1341	29527	4820
1342	95826	7031
1343	77779	8535
1344	15874	1887
1345	20446	7971
1346	98865	7665
1347	82319	9516
1348	29189	8398
1349	59627	9157
1350	73376	9963
1351	34542	1905
1352	60096	2739
1353	95457	6434
1354	4892	4464
1355	90738	9899
1356	54828	9064
1357	75408	3301
1358	90270	9618
1359	79260	7858
1360	21543	1528
1361	51575	6689
1362	45929	1001
1363	36011	2012
1364	6746	44
1365	51003	8541
1366	63703	3589
1367	30163	6670
1368	50008	4871
1369	87117	6029
1370	58474	1502
1371	64949	9093
1372	96399	3518
1373	70652	4612
1374	82996	6774
1375	86267	6403
1376	30075	6998
1377	48117	3884
1378	35348	5144
1379	27693	8166
1380	15780	2557
1381	76222	7945
1382	55541	415
1383	31380	8515
1384	95768	5505
1385	18331	2090
1386	74728	2520
1387	22591	7008
1388	5696	2067
1389	58399	3669
1390	73193	8559
1391	75011	1589
1392	84390	1619
1393	82863	2344
1394	5349	5090
1395	65172	9780
1396	73444	5890
1397	76668	1494
1398	71555	5980
1399	96240	7134
1400	47513	7185
1401	43578	4564
1402	55228	8494
1403	83881	1004
1404	8131	1682
1405	67489	5272
1406	49618	1199
1407	50222	6157
1408	15016	9329
1409	69540	5598
1410	97525	2663
1411	327	2427
1412	25958	7372
1413	35383	8691
1414	77577	8697
1415	7141	3148
1416	18590	4285
1417	52213	6698
1418	91486	5834
1419	68155	3248
1420	42097	4224
1421	40571	7834
1422	34148	593
1423	38812	6593
1424	17778	2248
1425	29457	1808
1426	45118	2932
1427	37142	2765
1428	5018	5464
1429	31856	3362
1430	29338	9699
1431	9330	3666
1432	48102	1669
1433	70166	4133
1434	60777	3201
1435	97381	679
1436	61879	4678
1437	66055	5302
1438	42236	9140
1439	31975	7009
1440	14366	5980
1441	46539	8930
1442	47426	5709
1443	61476	2407
1444	10795	7732
1445	14193	3743
1446	82769	9833
1447	8734	7781
1448	45354	1904
1449	50283	3155
1450	54200	6956
1451	96512	8128
1452	63219	2718
1453	83181	1448
1454	32261	5193
1455	23548	3978
1456	60582	9515
1457	50136	77
1458	16684	1568
1459	28194	4748
1460	29223	2602
1461	89845	6134
1462	5391	3264
1463	6389	3949
1464	21998	6584
1465	7030	7978
1466	63179	6257
1467	59158	2870
1468	36974	8911
1469	1634	3128
1470	79575	1661
1471	64769	561
1472	25214	923
1473	55436	6476
1474	63117	8168
1475	38136	8138
1476	34540	9562
1477	50188	1630
1478	73337	1618
1479	34958	5996
1480	90583	2809
1481	1802	7666
1482	68761	865
1483	22701	3788
1484	30493	8437
1485	36080	2444
1486	22906	6785
1487	57639	7752
1488	57281	5572
1489	25195	6587
1490	8851	1226
1491	64824	9900
1492	59742	289
1493	94224	8415
1494	76534	5207
1495	45510	3383
1496	92486	9171
1497	88565	9054
1498	86545	2115
1499	74679	8385
1500	1284	7979
1501	30167	5688
1502	79518	6567
1503	11846	3143
1504	90721	5144
1505	94152	4257
1506	5700	9445
1507	19012	7030
1508	28020	3524
1509	27381	2392
1510	62423	5922
1511	27544	6418
1512	77565	9276
1513	18663	3107
1514	94371	8183
1515	10511	5213
1516	87988	964
1517	40914	4616
1518	28190	7587
1519	75082	7201
1520	39796	9553
1521	31025	5510
1522	88598	510
1523	13090	4931
1524	67365	7900
1525	55910	8703
1526	51580	7984
1527	4677	5540
1528	85306	7857
1529	70323	7082
1530	17705	4404
1531	82508	3713
1532	93199	3321
1533	90498	5321
1534	88306	5724
1535	43660	3468
1536	46899	5552
1537	37614	1407
1538	18551	716
1539	49006	4894
1540	96746	9996
1541	40639	1667
1542	27043	211
1543	64880	6204
1544	12051	1883
1545	65909	9957
1546	82872	969
1547	36087	5960
1548	90208	6461
1549	31857	1517
1550	67233	9599
1551	19831	541
1552	98281	7375
1553	21159	4186
1554	64683	7426
1555	92943	8640
1556	80046	8907
1557	54293	7449
1558	58633	5851
1559	90641	2325
1560	9447	782
1561	29664	1883
1562	279	6266
1563	43632	764
1564	67094	2141
1565	58410	278
1566	36629	1807
1567	69839	2414
1568	41220	7010
1569	18183	1680
1570	83231	277
1571	85082	7442
1572	87751	109
1573	82544	5268
1574	49343	5400
1575	19736	8213
1576	47243	8048
1577	78005	3665
1578	71054	8302
1579	51943	3019
1580	23373	811
1581	31076	1622
1582	90827	2157
1583	69995	860
1584	51118	8568
1585	65962	5027
1586	66893	5610
1587	55133	7506
1588	24592	7895
1589	8362	3949
1590	99749	9643
1591	2043	1268
1592	33317	312
1593	49149	1635
1594	25293	1677
1595	22050	6273
1596	34385	9709
1597	97961	6049
1598	17676	7662
1599	8581	9109
1600	48900	2457
1601	1405	369
1602	23941	3835
1603	67709	2106
1604	12559	9818
1605	94129	1185
1606	91942	7307
1607	13185	5176
1608	48183	9562
1609	77953	1423
1610	87726	3423
1611	19820	4921
1612	86208	7924
1613	29028	8361
1614	7542	8109
1615	20330	4781
1616	53019	9389
1617	96056	7268
1618	27722	7693
1619	62430	6132
1620	61232	2170
1621	30130	9098
1622	26883	6933
1623	79126	1396
1624	38147	8241
1625	26633	9039
1626	64214	2007
1627	70311	4999
1628	1990	5875
1629	53444	3307
1630	25078	2273
1631	6700	5111
1632	86146	3099
1633	48388	7303
1634	48334	6174
1635	80345	6151
1636	30876	7009
1637	38526	5204
1638	52658	6030
1639	14213	7594
1640	88726	7930
1641	12155	5396
1642	91086	7125
1643	44492	7602
1644	26640	7732
1645	81842	2741
1646	94632	1366
1647	56696	3133
1648	54809	5351
1649	33987	3400
1650	85455	3284
1651	20776	8916
1652	19061	2251
1653	12277	9289
1654	32591	8033
1655	66081	1297
1656	44069	9251
1657	21690	7854
1658	74974	8371
1659	52866	8066
1660	39744	3715
1661	58596	433
1662	44156	4678
1663	42118	5584
1664	33201	8724
1665	54080	5744
1666	70266	1275
1667	60950	6143
1668	98315	9081
1669	33395	8828
1670	46558	735
1671	5650	7130
1672	91639	5746
1673	7070	1099
1674	2369	8365
1675	80617	8543
1676	48967	4852
1677	59666	1564
1678	12399	1562
1679	41038	3304
1680	86502	1361
1681	77854	7697
1682	33814	3222
1683	22586	3968
1684	90777	4496
1685	14767	1665
1686	52700	8784
1687	79763	8049
1688	42418	1677
1689	77785	2327
1690	2841	8813
1691	92886	2305
1692	12994	2976
1693	53261	516
1694	18421	8013
1695	27785	5753
1696	42201	1363
1697	2387	7790
1698	10103	1929
1699	68311	4014
1700	92086	3145
1701	50920	8827
1702	861	1086
1703	52300	9930
1704	83310	219
1705	71207	6622
1706	3955	679
1707	87858	4761
1708	22112	4912
1709	68169	6513
1710	56627	5525
1711	26213	5170
1712	31764	2605
1713	77517	1458
1714	5172	222
1715	32166	234
1716	52173	4354
1717	72077	8887
1718	73856	4134
1719	49445	685
1720	44766	2016
1721	33990	2428
1722	78189	4944
1723	2728	10
1724	8259	8160
1725	86148	7883
1726	80229	636
1727	95926	8016
1728	73973	704
1729	7467	1295
1730	73637	6232
1731	38175	4062
1732	69083	4970
1733	1808	1311
1734	23248	5206
1735	66835	6797
1736	33046	7993
1737	24421	2490
1738	4508	4804
1739	58786	1159
1740	60455	9910
1741	47079	4128
1742	38275	4956
1743	45318	5615
1744	36808	3848
1745	31099	2378
1746	59375	1904
1747	38453	3213
1748	9479	3338
1749	53343	3443
1750	55799	2318
1751	51861	8428
1752	8602	7550
1753	51979	6462
1754	36669	3033
1755	56413	1886
1756	51917	4090
1757	27413	878
1758	10751	7873
1759	60302	4538
1760	92271	6621
1761	79628	7005
1762	21734	275
1763	10042	2858
1764	58488	405
1765	50525	6898
1766	48040	372
1767	81690	6320
1768	18542	3529
1769	397	9957
1770	75253	6375
1771	52268	4893
1772	19883	2507
1773	52622	373
1774	20672	3859
1775	83329	8528
1776	66323	9395
1777	72049	5878
1778	2201	7206
1779	11716	4265
1780	85722	9704
1781	16405	5060
1782	88609	2868
1783	55658	7650
1784	72861	8254
1785	73328	7429
1786	88957	3582
1787	66671	4383
1788	43433	58
1789	98443	5929
1790	99892	8250
1791	4005	7554
1792	39561	9639
1793	24000	4221
1794	89323	9794
1795	87904	5165
1796	13023	2427
1797	57778	3852
1798	96291	7825
1799	63847	7230
1800	71656	7931
1801	14863	2823
1802	66055	4748
1803	68470	8556
1804	3802	3741
1805	8489	9709
1806	3234	4801
1807	58091	7072
1808	56536	3587
1809	18791	2685
1810	84642	3037
1811	61773	6060
1812	64739	3123
1813	5041	93
1814	99463	7337
1815	59695	4513
1816	30818	220
1817	82427	906
1818	9506	9147
1819	35267	7416
1820	19046	5396
1821	17898	2740
1822	6217	9898
1823	85149	7850
1824	36697	5994
1825	20022	1757
1826	86230	8445
1827	73187	5924
1828	90452	8437
1829	79696	9400
1830	23117	5334
1831	46189	1325
1832	55515	6595
1833	80965	4210
1834	91815	3464
1835	86742	2542
1836	87628	6714
1837	1996	894
1838	49722	670
1839	86353	8613
1840	30685	1475
1841	78864	26
1842	82725	7991
1843	35842	934
1844	56106	216
1845	90281	5437
1846	3655	144
1847	77434	5261
1848	93637	186
1849	97290	536
1850	43034	439
1851	67208	2904
1852	19257	1605
1853	45539	5033
1854	2581	2814
1855	65610	2429
1856	89793	1111
1857	9105	6719
1858	6938	8183
1859	45947	7652
1860	93653	3242
1861	96673	6908
1862	87598	7024
1863	18498	3891
1864	43584	7461
1865	93800	8653
1866	90931	6847
1867	86103	4068
1868	22193	1796
1869	92282	9742
1870	41892	7335
1871	63804	3114
1872	33554	958
1873	65976	3062
1874	15289	7726
1875	50036	4602
1876	46280	7182
1877	71777	660
1878	48166	6858
1879	55691	291
1880	78471	4204
1881	50951	6822
1882	8374	1249
1883	74943	5675
1884	11800	6460
1885	70811	37
1886	71198	3012
1887	60105	8045
1888	33240	6191
1889	59514	6071
1890	81085	3698
1891	99867	4475
1892	33204	6856
1893	11007	2154
1894	9588	709
1895	67672	7478
1896	98279	4722
1897	61154	2740
1898	15944	3160
1899	25213	3728
1900	16645	8964
1901	43244	21
1902	40545	8715
1903	61526	5292
1904	69160	6333
1905	18673	35
1906	70409	8871
1907	54116	1380
1908	17436	829
1909	54431	2091
1910	74597	4082
1911	30256	9367
1912	89555	3987
1913	23558	899
1914	10734	595
1915	88642	7714
1916	37887	4106
1917	36931	7151
1918	19041	5045
1919	47950	5699
1920	12164	4350
1921	63248	3415
1922	37338	2695
1923	84610	2312
1924	82653	6651
1925	77868	4174
1926	81670	360
1927	9522	3231
1928	85549	9362
1929	67024	323
1930	27034	542
1931	96375	3980
1932	35918	4371
1933	82826	3706
1934	16563	2190
1935	96409	6998
1936	24320	6959
1937	5822	5329
1938	94144	7711
1939	9740	9799
1940	69306	5381
1941	70582	7940
1942	54207	9340
1943	70034	760
1944	80779	9693
1945	63006	7010
1946	59345	9662
1947	30311	137
1948	57749	5612
1949	48592	3367
1950	45674	3636
1951	54649	7802
1952	52888	9572
1953	94951	2191
1954	70553	1042
1955	46732	4915
1956	26879	4061
1957	70341	8861
1958	2301	2
1959	23597	53
1960	9097	8051
1961	35670	4943
1962	3884	3501
1963	59597	4708
1964	19995	9864
1965	58335	8320
1966	26923	4140
1967	51683	5627
1968	60711	3826
1969	21572	7548
1970	22026	201
1971	38260	2892
1972	94998	2726
1973	85852	7627
1974	76410	9643
1975	9346	8068
1976	39989	4107
1977	24697	4091
1978	38268	6736
1979	92650	3010
1980	74025	5384
1981	59926	745
1982	45159	9816
1983	87946	3308
1984	19771	6603
1985	91157	7891
1986	22646	3060
1987	10661	7809
1988	24442	7126
1989	62523	7250
1990	36645	4591
1991	69088	9106
1992	71698	1319
1993	77170	1849
1994	7644	4874
1995	78895	1112
1996	70787	8811
1997	75723	2126
1998	69227	8153
1999	33742	5864
2000	78229	5402
2147484
