51
1	37535315	74603080
2	44039180	64034622
3	14987681	13028321
4	4767832		38288764
5	23548915	77605476
6	39856512	23246821
7	28946913	34484015
8	61113171	79451271
9	3813446		96689074
10	21166038	83252811
11	60500671	18190456
12	35767455	46665374
13	321185		32911109
14	97875664	99609906
15	66199651	30847385
16	60127380	82723206
17	58283197	72652516
18	22167099	70655992
19	44219379	52294235
20	60930619	67602980
21	12793512	56349722
22	36744802	82102183
23	51374612	86562293
24	71300093	59232019
25	43783443	77715862
26	26371702	57990585
27	55345274	95082684
28	21136285	69694810
29	71327299	55980865
30	94371702	97799353
31	58989845	83608039
32	68086873	83533752
33	71650839	89711828
34	45869128	38710370
35	53599345	55775011
36	94283573	35427548
37	35130744	10902750
38	21083639	92865584
39	60296181	35875667
40	56196330	912222
41	47983455	66186184
42	77196782	12855410
43	36288440	65872373
44	38261394	18076305
45	94303834	83475527
46	49825778	27941884
47	51584896	39425072
48	91037056	73755723
49	76987747	61641777
50	83080907	3025190
51	3971934		71895965
2147483640
