42
1 10717 341
2 8649 452
3 1206 238
4 18195 16
5 9341 29
6 1213 303
7 16068 477
8 4389 262
9 4955 395
10 14218 38
11 12571 343
12 6395 442
13 2367 363
14 7755 61
15 7980 362
16 4096 415
17 18257 120
18 14666 378
19 73 327
20 19697 168
21 2525 62
22 19847 159
23 16967 238
24 1244 382
25 1042 263
26 1137 335
27 10429 273
28 18116 29
29 5438 336
30 16842 217
31 5379 177
32 19098 237
33 339 310
34 18374 198
35 8180 325
36 4325 155
37 15173 131
38 204 437
39 14955 180
40 763 54
41 9610 320
42 15411 290
7092
