100
1 31447 15443
2 95940 15328
3 89992 50218
4 28914 34940
5 83135 74733
6 43788 99055
7 92036 24188
8 23288 3423
9 68554 61760
10 34232 25242
11 55363 87046
12 86008 84749
13 65810 30164
14 52637 47769
15 99780 70029
16 97002 66795
17 55410 44020
18 93135 39066
19 54337 91581
20 40345 91569
21 54052 38474
22 43483 74645
23 70817 10107
24 74511 7880
25 64232 64312
26 10714 94929
27 44541 81664
28 23529 37177
29 26194 81750
30 11085 30736
31 99670 91448
32 6964 56862
33 74055 18486
34 22951 67514
35 10277 20435
36 62290 15283
37 18256 1688
38 84294 11728
39 65651 21515
40 6668 15370
41 59594 75500
42 12904 45533
43 29278 95587
44 34779 81597
45 28912 83115
46 29911 47523
47 57310 13266
48 35169 35769
49 19399 3303
50 51633 67343
51 52074 6635
52 93356 27682
53 31972 41274
54 89825 38453
55 5681 81317
56 61401 27895
57 21661 71634
58 13567 53160
59 46284 6595
60 17471 71196
61 88540 6233
62 48440 41921
63 26600 89292
64 30105 31705
65 79527 12037
66 58331 56901
67 81 99145
68 83515 20206
69 18306 3542
70 8982 68119
71 65069 93581
72 3167 32707
73 25521 69805
74 40485 99677
75 94149 56828
76 56221 51502
77 46618 24375
78 46485 91854
79 95180 61215
80 8685 73773
81 23696 51473
82 5205 49794
83 75614 61912
84 64044 86145
85 2632 60160
86 88124 45658
87 71382 16106
88 85447 42499
89 79820 39516
90 11672 17033
91 57670 29116
92 34167 88483
93 12055 69105
94 73049 76280
95 21007 36299
96 81969 61421
97 85490 26201
98 34266 7901
99 52346 19312
100 68269 61492
9999
