1000
1 5897 20462
2 50912 45383
3 60062 89496
4 90272 99729
5 77754 75003
6 72914 27239
7 70491 82995
8 36007 75090
9 35047 12851
10 99318 58226
11 70215 37542
12 62796 13605
13 58839 31974
14 6501 89728
15 38501 96946
16 17205 15269
17 60837 62758
18 8065 65303
19 54731 3615
20 67612 98213
21 43683 18153
22 8356 77846
23 57864 11790
24 54836 47247
25 7893 68444
26 895 43254
27 59070 84193
28 77270 62496
29 17451 96985
30 74371 96918
31 75566 64047
32 85794 84116
33 34783 60057
34 73616 6657
35 92720 45624
36 3571 40076
37 10349 48864
38 8318 11401
39 73751 3752
40 21549 12856
41 28262 61951
42 21200 51973
43 40737 57260
44 90067 85349
45 8409 11383
46 51524 15212
47 62925 80114
48 70481 74056
49 56718 83520
50 84679 72870
51 87856 12520
52 30690 73917
53 40314 4314
54 1815 29111
55 52823 95030
56 10342 42461
57 61367 60561
58 82476 67452
59 95166 48220
60 33392 68672
61 23543 70182
62 87774 89619
63 6429 95801
64 27055 69792
65 44503 73244
66 89974 17593
67 56597 93750
68 53076 43249
69 70974 20384
70 92489 68482
71 12209 59314
72 3200 57215
73 26949 21084
74 85537 85321
75 48531 14610
76 51847 82059
77 33493 69607
78 26267 23641
79 1038 77698
80 64576 64302
81 20578 9851
82 55294 7666
83 50690 88099
84 76756 11177
85 82308 41895
86 16653 72017
87 3539 68506
88 48887 93329
89 51740 62453
90 99657 38379
91 37245 71924
92 65249 68903
93 99746 48542
94 54766 40344
95 2731 21177
96 41799 87702
97 80541 42546
98 39530 79140
99 16724 5939
100 51649 18074
101 95218 30483
102 89893 13586
103 21600 99431
104 37338 50598
105 63375 88422
106 69554 14091
107 87519 23533
108 52556 35213
109 19720 90142
110 42939 55266
111 26600 5478
112 54926 28738
113 77611 22763
114 81049 19393
115 74320 21880
116 71522 39654
117 45910 8722
118 20885 59011
119 67025 89326
120 94215 33809
121 62621 45643
122 62818 69243
123 36465 81380
124 11597 68376
125 81593 27637
126 96738 10883
127 99302 61808
128 72318 69019
129 79217 92209
130 18747 36682
131 33252 13882
132 17590 17714
133 30499 83428
134 2717 30874
135 52604 88897
136 48813 98741
137 48503 81006
138 7404 69951
139 27078 9263
140 94343 46304
141 22381 66977
142 78544 23988
143 44106 20064
144 91283 35096
145 66 74377
146 48957 50759
147 59754 55642
148 90271 1751
149 33913 89289
150 74145 21568
151 99391 59596
152 40259 67994
153 95063 17211
154 93682 51460
155 29881 33053
156 93216 48370
157 8944 44050
158 99302 84042
159 23569 25660
160 10936 11179
161 33846 76552
162 96319 97812
163 49488 35889
164 5523 22806
165 78844 37947
166 97773 49983
167 96323 14698
168 56212 21341
169 28264 30234
170 28368 63896
171 95210 68588
172 93977 83090
173 51481 62003
174 8487 76287
175 64243 41060
176 40956 69526
177 21736 37983
178 87355 35623
179 22907 39697
180 36996 3592
181 82736 9973
182 76310 82351
183 84193 21788
184 87378 78671
185 3296 63721
186 52816 65961
187 91762 14244
188 57076 94814
189 56518 50339
190 61536 54968
191 15068 73085
192 61517 41711
193 15995 48487
194 10055 9750
195 64428 63104
196 31034 36721
197 34226 29127
198 53964 71733
199 18249 26661
200 94233 11202
201 58723 96485
202 55689 52528
203 278 76793
204 73563 53546
205 43368 66549
206 70379 47852
207 20899 74348
208 65738 96436
209 74694 21092
210 14852 7479
211 45400 27829
212 6394 57510
213 83759 85565
214 1485 74815
215 85295 91583
216 54078 41089
217 77288 16442
218 61385 59038
219 48123 90010
220 43031 40613
221 29332 44471
222 75266 82598
223 83139 88227
224 44038 75793
225 43833 22347
226 29187 21014
227 71926 29114
228 75829 11039
229 35164 91141
230 38714 6429
231 64351 68939
232 65292 22865
233 56982 86168
234 31559 12081
235 76873 74651
236 64355 9461
237 21902 7889
238 22520 22825
239 82961 36715
240 31473 70088
241 62526 45552
242 18733 46757
243 59740 16186
244 88372 256
245 46207 34883
246 90770 67424
247 98733 89957
248 12974 78899
249 22384 2666
250 22776 1273
251 66679 66633
252 83948 54449
253 58741 10904
254 41874 84138
255 11854 94492
256 12531 84114
257 69605 47532
258 90484 12145
259 97421 30043
260 86487 8718
261 57192 5110
262 53566 47921
263 71510 13009
264 62611 61924
265 82444 56944
266 95568 58235
267 40160 29131
268 55188 65280
269 26902 12511
270 18998 77923
271 38534 71738
272 82498 95155
273 73713 38083
274 28069 33452
275 57971 83344
276 22664 36956
277 20753 45281
278 45058 28551
279 68316 51347
280 98108 34763
281 5525 99910
282 60198 39471
283 93188 95002
284 62122 82202
285 95855 72016
286 72945 38850
287 62600 12175
288 51106 11277
289 48325 41379
290 25482 54243
291 51238 67546
292 90174 67793
293 79424 18003
294 28709 16932
295 19573 63986
296 72215 71944
297 46359 54041
298 88583 80230
299 41136 56921
300 16020 52855
301 30210 3246
302 88065 96539
303 54200 87831
304 99924 64398
305 93753 89039
306 13311 9104
307 73519 99643
308 65210 78640
309 32536 51476
310 40142 85645
311 53467 77544
312 38735 85524
313 54566 82156
314 47901 9279
315 23910 73505
316 2249 12797
317 1464 60765
318 95336 4679
319 17495 2462
320 95448 70664
321 23518 64171
322 40342 97666
323 94224 85667
324 55970 56641
325 24571 24492
326 69039 38877
327 9429 55962
328 81054 2823
329 2116 91382
330 79888 57405
331 55638 5535
332 37229 26864
333 49115 83211
334 82585 97824
335 69798 70707
336 56272 91962
337 68625 65456
338 25445 94697
339 16510 45749
340 66352 79349
341 23282 57459
342 1269 65298
343 20486 32248
344 65889 62604
345 21890 81945
346 31342 44626
347 64 94260
348 42108 12296
349 66584 27688
350 31108 85144
351 1055 77579
352 76633 18435
353 37935 15099
354 8678 4824
355 48177 75301
356 31236 76367
357 22274 16528
358 90431 30050
359 14905 97083
360 509 85344
361 52914 83452
362 46215 3823
363 52877 86670
364 46196 90135
365 80435 10373
366 45325 8374
367 53295 1684
368 45374 32849
369 91009 80113
370 27955 37473
371 19733 17048
372 47931 78391
373 61023 60461
374 63376 28618
375 1824 45019
376 86292 51893
377 38198 88604
378 44364 80805
379 93453 87909
380 72362 64087
381 87109 86172
382 25446 49843
383 17529 54089
384 22149 27808
385 19484 7657
386 71277 85139
387 7405 19364
388 63499 10252
389 53196 95842
390 83684 16822
391 60920 34134
392 74554 59368
393 98953 75563
394 25258 80411
395 92914 74225
396 9633 28375
397 40 33795
398 4242 76364
399 10564 85542
400 60068 87031
401 73842 31591
402 22288 80749
403 15712 86254
404 77125 54797
405 41230 62987
406 50191 85644
407 75169 41437
408 81575 82268
409 22707 50450
410 15766 16987
411 19758 38140
412 32525 77741
413 86362 40625
414 67952 73815
415 60114 3599
416 75425 29133
417 20918 16030
418 82827 60025
419 85450 91821
420 35916 6321
421 12628 918
422 67935 48284
423 39135 20239
424 63782 17926
425 77192 29347
426 56994 15312
427 53866 36145
428 72571 57033
429 53078 68781
430 87100 99489
431 2790 762
432 64805 66226
433 80497 88508
434 51996 32781
435 33990 38304
436 59456 12551
437 22532 19432
438 60072 12440
439 76520 72063
440 56448 43353
441 92289 23442
442 70958 95058
443 90622 67784
444 76403 33272
445 31674 24265
446 86000 82382
447 84995 90559
448 14082 82528
449 90761 89187
450 77567 79805
451 94356 73023
452 72706 57461
453 75493 91634
454 5697 2231
455 96518 4893
456 27945 70160
457 31659 47977
458 15152 48354
459 17559 62351
460 17591 40108
461 72175 25813
462 12413 42886
463 11535 51332
464 61562 57127
465 24397 36007
466 62802 77127
467 79755 5283
468 52523 83305
469 50484 55686
470 34203 40071
471 52755 73618
472 9776 16889
473 77192 59276
474 35595 49492
475 35350 59025
476 57340 50485
477 34977 78654
478 43654 14238
479 47318 38655
480 4397 80150
481 32815 47726
482 39898 38759
483 62957 29744
484 85281 71704
485 67185 73046
486 65493 26381
487 66204 80301
488 98166 39842
489 2384 39762
490 14293 10713
491 63264 76695
492 3343 44758
493 27842 37351
494 83724 42327
495 11135 15866
496 27239 34623
497 65899 68207
498 48279 60095
499 53349 98752
500 50964 16088
501 86968 40368
502 41030 48493
503 1248 29174
504 5145 14397
505 53839 53973
506 11531 64080
507 49161 14349
508 43216 33595
509 59166 78386
510 25759 16114
511 80827 15673
512 37878 99285
513 11085 19950
514 87065 6566
515 95099 13194
516 99710 88991
517 47589 73733
518 57537 80812
519 88283 94829
520 86203 52034
521 28951 6263
522 86215 20300
523 15493 45352
524 21576 66659
525 57540 18569
526 47187 5043
527 55405 43110
528 87821 79474
529 78040 13717
530 86713 87268
531 64496 55426
532 95549 3970
533 10588 57383
534 95448 90857
535 21575 85839
536 45435 24492
537 95203 86897
538 45402 43731
539 26602 35903
540 95124 61309
541 85372 90134
542 4781 40735
543 18367 92870
544 18554 79841
545 83412 48571
546 2809 67125
547 59542 96893
548 10074 40083
549 94514 80470
550 76155 78056
551 79780 46492
552 71366 89975
553 35491 50164
554 13582 42302
555 62696 76416
556 82192 59595
557 76557 17783
558 89664 43744
559 47697 60904
560 39977 92362
561 92197 421
562 45642 58917
563 49017 82661
564 17089 18848
565 67631 2974
566 8280 2040
567 68402 23347
568 67169 84799
569 96976 58670
570 18440 51436
571 88903 17894
572 47036 63668
573 74718 38294
574 52880 30691
575 9039 62963
576 26963 42763
577 64302 41802
578 87034 30
579 59143 47275
580 21304 39925
581 63057 20813
582 54207 91653
583 58111 15388
584 68570 52881
585 14453 20891
586 34514 47930
587 98805 77888
588 92314 27998
589 76462 99223
590 44840 18888
591 14466 77049
592 95470 85784
593 5935 45875
594 69682 42399
595 44389 87352
596 84525 23636
597 40752 79905
598 5322 97239
599 64781 74996
600 48140 85614
601 97714 45849
602 62058 77109
603 86652 58443
604 68960 70645
605 91926 19307
606 46842 84465
607 49005 42409
608 85428 2458
609 61350 18328
610 3270 78692
611 48449 9701
612 62933 64944
613 58802 37154
614 52881 46228
615 35233 41991
616 67458 70384
617 48544 70317
618 59946 54893
619 72009 89731
620 7544 18178
621 71171 88137
622 90453 41644
623 97735 91280
624 29559 35544
625 67032 4337
626 80830 5328
627 30468 73560
628 36537 94724
629 12180 19641
630 73954 85041
631 36509 80025
632 82718 20665
633 94133 67775
634 8959 90411
635 36534 63661
636 50869 5644
637 99599 8049
638 88063 33742
639 31680 37479
640 73567 61583
641 16426 61072
642 77849 36533
643 96570 38356
644 3612 37258
645 20021 45610
646 28471 68178
647 65139 77256
648 43951 11922
649 21216 42877
650 94506 62884
651 54848 13176
652 9954 12017
653 37818 18928
654 39213 79578
655 52378 93703
656 14521 92746
657 94158 26060
658 58815 73496
659 98847 67513
660 7882 39857
661 47921 56060
662 47519 49621
663 73324 62098
664 99279 49653
665 79192 9487
666 77239 89224
667 31347 91647
668 51484 72953
669 9192 18791
670 39198 22705
671 60322 89291
672 47834 28218
673 24257 12786
674 52420 14221
675 35639 54373
676 18250 81591
677 34096 16536
678 54476 28227
679 518 19887
680 49906 36547
681 78177 99585
682 17376 60997
683 68816 63638
684 61734 73267
685 29272 45562
686 20309 46606
687 45713 80926
688 74324 49895
689 44843 38229
690 46670 68189
691 38712 81652
692 96008 87051
693 50541 3982
694 23354 50285
695 15052 54996
696 35800 68897
697 76895 7839
698 80541 91858
699 29160 20505
700 74628 65519
701 3404 48554
702 85479 94976
703 42912 49164
704 11085 14199
705 22604 1882
706 26383 13823
707 23151 9406
708 65690 96664
709 54650 97218
710 88514 56159
711 43817 75701
712 51745 8558
713 63096 16133
714 43067 85724
715 31571 33801
716 70297 39819
717 48311 42069
718 56377 20215
719 28126 86347
720 33925 57261
721 74385 63532
722 87935 2070
723 11463 66274
724 61336 48947
725 63733 71482
726 68040 21037
727 83294 82576
728 76372 52798
729 31111 47558
730 2763 90999
731 56680 12637
732 86641 12213
733 36932 26221
734 21737 87021
735 34727 85940
736 74924 37531
737 12031 77769
738 5099 85301
739 28051 23841
740 19468 48532
741 37320 87562
742 8126 97896
743 41832 91475
744 3331 18518
745 70737 96980
746 6577 82021
747 39363 65811
748 73009 2291
749 98799 98045
750 88168 75491
751 32331 9669
752 74191 15548
753 3524 97595
754 84133 91341
755 22938 95891
756 61495 74830
757 86959 40943
758 94351 43587
759 36395 86277
760 60688 70791
761 40383 24024
762 79699 66441
763 70699 30263
764 58701 68321
765 97374 60944
766 18077 79544
767 40034 58515
768 9253 14815
769 7701 10415
770 98507 49374
771 51194 53819
772 242 21088
773 99424 7848
774 55824 62986
775 24153 18274
776 76587 25882
777 83570 72551
778 26034 41459
779 16848 43117
780 97277 6391
781 31331 28971
782 1447 36978
783 14615 25083
784 73634 72165
785 58179 6469
786 90975 88283
787 67877 32178
788 1055 32617
789 81551 22584
790 14413 49645
791 20983 82285
792 2709 4391
793 44270 12706
794 53839 87718
795 86025 47065
796 33837 16680
797 21858 52268
798 51279 92777
799 49098 67468
800 3794 1167
801 78070 4338
802 31759 98394
803 77469 20179
804 64592 46204
805 696 95736
806 88151 19414
807 35397 34876
808 87288 41950
809 36988 67748
810 99260 71942
811 11781 10625
812 91487 54940
813 97710 37435
814 38613 68496
815 47351 27049
816 30080 15773
817 76509 56331
818 96047 77342
819 9911 93385
820 67441 4032
821 792 88801
822 61146 88561
823 21382 79472
824 6147 45522
825 20175 18314
826 64611 91779
827 24495 7868
828 95765 93724
829 69060 59730
830 40921 92329
831 8041 49099
832 87146 3926
833 40789 47917
834 37381 3992
835 25561 76196
836 33127 20458
837 38576 37914
838 51880 31092
839 78630 99726
840 16594 32148
841 37934 131
842 57223 84753
843 75218 87719
844 19847 8828
845 53941 89909
846 54251 49937
847 578 67870
848 10798 3082
849 91701 99987
850 75577 75853
851 41066 93763
852 31380 49817
853 63321 90252
854 53906 84291
855 79856 66880
856 46209 18733
857 80394 46718
858 87653 28189
859 49132 23159
860 4314 47277
861 55516 31662
862 49274 32974
863 43653 63829
864 18145 93914
865 50076 36783
866 50539 58338
867 60951 94068
868 82105 57701
869 22162 43127
870 53778 57384
871 74612 60602
872 9783 96245
873 37238 59175
874 64603 49218
875 39238 78785
876 43948 58165
877 43215 64899
878 10368 64785
879 76593 36461
880 59391 30646
881 7076 99721
882 43010 11831
883 93118 62932
884 83051 31598
885 19053 76383
886 66011 31877
887 8713 34104
888 37920 88478
889 55308 18435
890 32361 83271
891 54167 12961
892 58518 97755
893 32885 56891
894 98349 30498
895 90611 29464
896 18552 91365
897 61834 98627
898 43243 28971
899 71006 97922
900 61217 2373
901 35520 24337
902 48752 78325
903 33362 33203
904 98974 97600
905 211 69570
906 39865 92689
907 12263 20058
908 57837 97322
909 91635 67214
910 30805 74727
911 45945 14931
912 78165 3108
913 94349 37229
914 86772 97615
915 6352 52104
916 36884 75738
917 38102 2315
918 35071 30459
919 77869 65893
920 71902 44769
921 67441 71201
922 1974 34346
923 18812 34614
924 96603 8304
925 30810 80070
926 60859 13287
927 51430 67228
928 79895 110
929 63683 66347
930 76796 57872
931 88628 92419
932 40578 84267
933 52316 11589
934 77741 45032
935 80783 25690
936 62083 96293
937 15123 41567
938 59056 52907
939 41389 76423
940 50025 74433
941 12922 59523
942 70752 47907
943 99513 93807
944 61089 72991
945 60752 6294
946 18189 8905
947 71887 11799
948 84709 58168
949 82470 3871
950 12329 30809
951 87904 32701
952 26300 38818
953 31789 15530
954 55750 48955
955 49990 7512
956 31694 48028
957 53119 25284
958 45012 24811
959 97828 44326
960 92295 51634
961 54048 36646
962 37053 27099
963 46341 92615
964 62192 80340
965 45765 6994
966 11244 44815
967 44033 99115
968 10255 22498
969 44455 76107
970 14356 22187
971 86723 68673
972 13610 58053
973 52877 20171
974 54 68786
975 47091 10931
976 76983 19324
977 45683 61907
978 5446 46793
979 25285 3424
980 76568 11361
981 19912 19642
982 4049 19823
983 16647 1877
984 83452 5966
985 31015 51482
986 30997 55693
987 20363 6460
988 75871 56375
989 20997 58067
990 84219 88721
991 65816 41901
992 57450 29737
993 12671 92440
994 81229 39672
995 27042 27073
996 42401 40340
997 39308 12579
998 34756 59144
999 29813 29387
1000 46023 48753
999999
