201
1 168 148
2 122 102
3 68 48
4 187 167
5 102 82
6 126 106
7 173 153
8 82 62
9 199 179
10 199 179
11 128 108
12 172 152
13 75 55
14 39 19
15 190 170
16 212 192
17 69 49
18 104 84
19 41 21
20 148 128
21 195 175
22 112 92
23 57 37
24 219 199
25 77 57
26 82 62
27 85 65
28 185 165
29 204 184
30 171 151
31 24 4
32 187 167
33 110 90
34 190 170
35 69 49
36 62 42
37 154 134
38 100 80
39 171 151
40 115 95
41 27 7
42 68 48
43 101 81
44 73 53
45 148 128
46 209 189
47 59 39
48 125 105
49 171 151
50 161 141
51 148 128
52 161 141
53 26 6
54 180 160
55 138 118
56 80 60
57 202 182
58 77 57
59 169 149
60 219 199
61 129 109
62 131 111
63 54 34
64 118 98
65 21 1
66 77 57
67 98 78
68 214 194
69 197 177
70 114 94
71 30 10
72 113 93
73 75 55
74 133 113
75 191 171
76 62 42
77 95 75
78 171 151
79 61 41
80 70 50
81 165 145
82 189 169
83 161 141
84 32 12
85 152 132
86 142 122
87 84 64
88 110 90
89 93 73
90 92 72
91 79 59
92 96 76
93 110 90
94 157 137
95 175 155
96 51 31
97 210 190
98 158 138
99 35 15
100 136 116
101 70 50
102 48 28
103 195 175
104 161 141
105 57 37
106 210 190
107 202 182
108 79 59
109 178 158
110 201 181
111 88 68
112 179 159
113 70 50
114 170 150
115 87 67
116 29 9
117 107 87
118 107 87
119 106 86
120 85 65
121 174 154
122 113 93
123 150 130
124 136 116
125 84 64
126 135 115
127 183 163
128 45 25
129 56 36
130 108 88
131 169 149
132 113 93
133 188 168
134 32 12
135 87 67
136 38 18
137 182 162
138 84 64
139 207 187
140 172 152
141 201 181
142 211 191
143 187 167
144 42 22
145 115 95
146 211 191
147 137 117
148 178 158
149 43 23
150 57 37
151 29 9
152 23 3
153 93 73
154 191 171
155 164 144
156 99 79
157 190 170
158 147 127
159 140 120
160 168 148
161 177 157
162 94 74
163 179 159
164 206 186
165 63 43
166 89 69
167 128 108
168 185 165
169 100 80
170 143 123
171 188 168
172 68 48
173 113 93
174 209 189
175 219 199
176 160 140
177 69 49
178 81 61
179 116 96
180 121 101
181 33 13
182 92 72
183 163 143
184 21 1
185 68 48
186 144 124
187 212 192
188 67 47
189 212 192
190 103 83
191 34 14
192 134 114
193 106 86
194 26 6
195 44 24
196 187 167
197 130 110
198 200 180
199 181 161
200 38 18
5008